TAC:0
PCI:0
LAT:0
LON:0
ACCURACY:457.2
AGED:0
TAC:201
PCI:30
LAT:-25.709952
LON:28.201951
ACCURACY:1441
AGED:0
TAC:201
PCI:31
LAT:-25.73076
LON:28.205321
ACCURACY:1260
AGED:0
