TAC:0
PCI:0
LAT:0
LON:0
ACCURACY:457.2
AGED:0
TAC:27000
PCI:19
LAT:-25.727939
LON:28.204069
ACCURACY:1085
AGED:0
TAC:27000
PCI:20
LAT:-25.728988
LON:28.198554
ACCURACY:899
AGED:0
