TAC:0
PCI:0
LAT:0
LON:0
ACCURACY:457.2
AGED:0
TAC:10406
PCI:420
LAT:-25.703596
LON:28.190866
ACCURACY:1420
AGED:0
TAC:10406
PCI:358
LAT:-25.725715
LON:28.211488
ACCURACY:951
AGED:0
