TAC:0
PCI:0
LAT:0
LON:0
ACCURACY:457.2
AGED:0
TAC:26014
PCI:29
LAT:-25.808361
LON:28.316023
ACCURACY:350
AGED:0
TAC:26014
PCI:301
LAT:-25.797855
LON:28.323962
ACCURACY:350
AGED:0
